h_max = 120.3873598 m

t_45_vt_1 = 0.3223525 s
h_45_vt_max = 0.509683996 m

t_45_hm_g = 4.52673 s

t_45_total = 4.8490825
distace_horiz= 15.334145262

678964849.43572859312